//Nation ID,City Name,Region,AVG Wind Speed,Jan,Feb,Mar,Apr,May,Jun,Jul,Aug,Sep,Oct,Nov,Dec,Jan,Feb,Mar,Apr,May,Jun,Jul,Aug,Sep,Oct,Nov,Dec
206,Birmingham,Alabama,7,43,47,55,61,69,76,80,80,74,63,53,46,3,3,4,3,3,3,3,4,3,2,3,3,
206,Huntsville,Alabama,8,40,44,52,60,69,76,80,79,72,61,51,43,3,3,4,3,3,3,3,4,3,2,3,3,
206,Mobile,Alabama,9,50,54,60,66,74,79,82,81,77,68,59,52,3,3,4,3,3,3,3,3,3,3,3,3,
206,Montgomery,Alabama,7,47,51,58,64,72,79,82,81,76,65,56,49,3,3,3,3,3,4,4,5,3,2,3,3,
206,Anchorage,Alaska,7,16,19,26,36,47,55,58,56,48,34,22,18,3,3,3,3,3,3,3,4,5,4,3,3,
206,Annette,Alaska,10,35,37,40,44,49,54,58,59,54,47,40,36,7,7,7,7,6,5,5,5,7,8,8,8,
206,Barrow,Alaska,12,-14,-16,-14,-1,20,35,40,39,31,15,-1,-11,2,2,2,2,2,2,2,3,4,3,3,2,
206,Bethel,Alaska,13,7,8,15,26,41,51,56,54,45,30,17,9,3,3,3,3,3,4,4,5,6,4,4,3,
206,Bettles,Alaska,6,-11,-8,4,22,44,58,60,54,41,19,-1,-7,3,3,3,2,3,3,3,4,4,4,3,3,
206,Big Delta,Alaska,9,-3,2,14,32,48,58,61,56,44,24,6,0,2,2,2,2,3,4,4,5,3,3,3,2,
206,Cold Bay,Alaska,17,28,28,30,34,40,46,51,52,48,40,35,31,7,7,7,6,6,6,5,6,8,8,8,7,
206,Fairbanks,Alaska,5,-10,-4,11,32,49,60,62,56,45,24,2,-6,3,3,3,2,3,3,3,4,3,3,3,3,
206,Gulkana,Alaska,6,-5,3,15,31,44,53,57,53,43,26,6,-2,3,2,2,1,2,3,3,4,4,3,3,3,
206,Homer,Alaska,8,23,25,29,36,44,50,54,54,48,38,29,26,4,4,4,3,3,3,3,3,6,5,4,5,
206,Juneau,Alaska,8,26,29,34,41,48,54,57,56,50,42,33,29,7,7,7,6,6,5,5,6,8,8,7,7,
206,King Salmon,Alaska,10,15,16,24,33,44,51,56,55,48,33,23,17,3,3,3,3,4,4,4,5,6,5,4,4,
206,Kodiak,Alaska,11,30,30,33,37,44,49,54,55,49,40,34,31,6,7,6,6,6,5,5,5,6,6,6,6,
206,Kotzebue,Alaska,13,-3,-4,0,12,32,45,55,52,42,23,8,0,3,3,3,3,2,3,2,3,4,3,3,3,
206,Mcgrath,Alaska,5,-7,-1,12,29,46,57,60,55,45,25,6,-4,3,3,3,3,3,4,4,5,5,4,4,4,
206,Nome,Alaska,10,6,6,9,20,37,47,53,51,43,29,17,8,3,3,3,3,3,3,3,4,5,3,4,3,
206,St. Paul Island,Alaska,17,26,23,24,28,36,42,47,48,45,38,33,29,6,6,5,5,5,4,4,5,7,8,8,7,
206,Talkeetna,Alaska,5,11,15,23,34,46,55,59,56,46,31,18,13,3,3,3,3,4,4,4,5,6,4,3,3,
206,Unalakleet,Alaska,6,3,4,11,23,40,49,56,53,44,27,13,6,2,2,3,3,2,3,3,4,4,3,3,3,
206,Valdez,Alaska,6,22,25,30,38,46,52,55,54,47,38,28,25,6,6,5,5,5,5,5,6,7,7,6,6,
206,Yakutat,Alaska,7,26,28,32,37,44,50,54,53,48,41,32,29,7,7,7,7,7,6,6,6,8,8,8,8,
206,Flagstaff,Arizona,7,30,32,37,43,51,60,66,64,58,47,37,30,3,3,3,3,2,1,1,3,3,2,2,2,
206,Phoenix,Arizona,6,56,60,65,71,81,90,95,93,87,75,63,56,2,2,2,1,0,0,0,2,1,1,1,2,
206,Tucson,Arizona,8,52,55,59,66,75,84,87,85,81,71,59,52,2,2,2,1,1,1,1,3,2,1,1,2,
206,Winslow,Arizona,9,34,40,46,53,62,72,78,76,68,56,43,34,2,2,2,1,1,1,1,3,2,2,1,2,
206,Yuma,Arizona,8,58,62,67,73,80,89,94,94,88,77,65,57,1,1,1,0,0,0,0,0,0,0,0,1,
206,Fort Smith,Arkansas,8,38,44,53,61,70,78,82,82,74,63,51,41,3,3,3,3,3,3,3,3,3,3,3,3,
206,Little Rock,Arkansas,8,40,45,53,61,70,78,82,81,74,63,52,43,3,3,3,3,3,3,3,3,3,3,3,3,
206,North Little Rock,Arkansas,8,40,46,54,63,71,79,83,82,75,65,53,43,3,3,3,3,3,3,3,3,3,3,3,3,
206,Bakersfield,California,6,48,53,57,63,70,78,83,82,77,67,55,47,2,3,3,2,1,0,0,0,0,1,2,2,
206,Bishop,California,3,38,42,48,54,63,71,77,75,67,57,45,38,2,2,1,1,1,0,0,1,1,1,1,1,
206,Fresno,California,6,46,51,56,61,69,76,81,80,75,65,53,45,3,3,3,2,1,0,0,0,0,1,2,3,
206,Long Beach,California,6,57,58,60,63,66,70,74,75,73,69,62,57,2,3,2,1,0,0,0,0,0,1,1,2,
206,Los Angeles,California,8,57,58,58,61,63,66,69,71,70,67,62,58,2,3,3,1,0,0,0,0,0,1,1,2,
206,Mount Shasta,California,5,35,38,41,46,53,60,66,65,60,51,40,35,4,4,4,3,3,2,2,1,1,2,3,4,
206,Redding,California,7,46,49,53,58,66,75,81,79,73,63,51,45,4,4,4,3,3,1,1,0,1,2,3,4,
206,Sacramento,California,8,46,51,55,59,66,72,75,75,72,64,53,46,3,3,3,2,1,0,0,0,0,1,3,3,
206,San Diego,California,7,58,59,60,63,65,67,71,73,72,68,62,58,3,3,3,2,1,0,0,0,0,1,2,2,
206,San Francisco,California,11,49,52,54,56,59,61,63,64,64,61,55,50,3,3,3,3,1,0,0,0,0,1,3,3,
206,Santa Barbara,California,6,53,55,57,59,61,64,67,69,67,64,58,53,2,3,3,1,0,0,0,0,0,1,1,2,
206,Santa Maria,California,7,52,53,54,56,58,61,64,64,64,61,56,52,3,3,3,2,1,0,0,0,0,1,2,3,
206,Stockton,California,8,46,51,55,60,67,73,77,77,73,65,53,45,3,3,3,2,1,0,0,0,0,1,3,3,
206,Alamosa,Colorado,7,15,23,33,41,50,59,64,62,55,43,28,17,2,2,2,2,2,2,2,3,3,2,2,2,
206,Colorado Springs,Colorado,10,28,32,38,45,55,64,70,68,60,49,36,29,2,2,3,3,3,3,3,4,3,2,2,2,
206,Denver,Colorado,9,29,33,40,48,57,68,73,72,62,51,38,30,2,3,3,3,3,3,3,3,3,2,3,2,
206,Grand Junction,Colorado,8,26,34,43,51,61,71,77,75,65,53,38,28,3,3,3,3,2,2,2,2,3,2,3,2,
206,Pueblo,Colorado,9,29,35,42,50,60,70,75,74,65,52,38,30,2,2,3,3,3,3,3,3,2,2,2,2,
206,Bridgeport,Connecticut,11,30,32,40,49,59,68,74,73,66,55,45,35,3,3,4,4,3,3,3,3,3,3,3,3,
206,Hartford,Connecticut,8,26,29,38,49,60,69,74,72,63,52,42,31,3,3,4,4,4,4,3,3,3,3,4,4,
206,Washington,DC,9,35,38,47,56,66,75,79,77,71,59,49,40,3,3,4,3,3,3,3,3,3,3,3,3,
206,Wilmington,Delaware,9,32,34,43,52,63,72,77,75,68,56,46,36,3,3,4,4,3,3,3,3,3,3,3,3,
206,Apalachicola,Florida,8,53,55,61,67,74,80,82,82,79,70,62,55,3,3,3,3,2,3,3,5,4,2,3,3,
206,Daytona Beach,Florida,9,58,60,65,69,75,80,82,82,80,74,67,61,3,3,3,3,3,4,4,4,5,3,3,3,
206,Fort Myers,Florida,8,65,66,70,74,79,82,83,83,82,78,72,66,2,2,3,2,3,5,5,6,6,3,2,2,
206,Gainesville,Florida,6,54,57,63,68,74,79,81,80,78,70,63,56,3,3,3,3,2,5,5,5,4,3,3,3,
206,Jacksonville,Florida,8,53,56,62,67,73,79,82,81,78,69,62,55,3,3,3,3,3,4,4,5,4,3,3,3,
206,Key West,Florida,11,70,71,74,77,81,83,85,84,83,80,76,72,2,2,2,2,3,4,4,4,6,4,3,3,
206,Miami,Florida,9,68,69,72,76,80,82,84,84,82,79,74,70,3,3,3,3,3,5,5,5,7,5,3,3,
206,Orlando,Florida,9,61,63,67,72,77,81,82,83,81,75,69,63,2,3,3,3,3,5,5,6,5,3,3,2,
206,Pensacola,Florida,8,52,55,61,67,75,81,83,82,79,70,61,54,3,3,3,3,3,4,3,5,3,2,3,3,
206,Tallahassee,Florida,6,52,55,61,66,74,80,82,82,79,69,60,54,3,3,3,3,3,4,4,6,3,2,3,3,
206,Tampa,Florida,8,61,63,67,72,78,82,83,83,82,76,69,63,3,3,3,2,2,4,4,5,4,3,2,2,
206,Vero Beach,Florida,8,63,64,68,72,76,80,82,82,81,76,71,65,3,3,3,3,3,5,5,4,6,4,3,3,
206,West Palm Beach,Florida,10,66,67,71,74,78,81,83,83,82,78,73,68,3,3,3,3,3,5,5,5,6,4,3,3,
206,Athens,Georgia,7,42,46,54,61,69,76,80,78,73,62,53,45,3,3,4,3,3,3,3,3,3,3,3,3,
206,Atlanta,Georgia,9,43,47,54,62,70,77,80,79,73,63,53,45,3,3,4,3,3,3,3,4,3,2,3,3,
206,Augusta,Georgia,6,45,48,56,62,71,78,81,79,74,63,54,47,3,3,3,3,3,3,3,3,3,2,3,3,
206,Columbus,Georgia,7,47,50,58,64,72,79,82,81,76,66,57,49,3,3,3,3,3,3,3,4,3,2,3,3,
206,Macon,Georgia,7,46,49,56,63,71,78,81,80,75,64,55,48,3,3,3,3,3,3,3,4,3,2,3,3,
206,Savannah,Georgia,8,49,53,59,65,73,79,82,81,77,67,59,51,3,3,3,3,3,4,4,5,3,2,3,3,
206,Hilo,Hawaii,7,71,72,72,73,74,75,76,76,76,76,74,72,6,7,8,8,8,8,8,9,8,8,8,7,
206,Honolulu,Hawaii,11,73,73,74,76,77,80,81,82,82,80,78,75,3,3,3,3,3,3,2,3,3,3,3,3,
206,Kahului,Hawaii,13,72,72,73,74,76,78,79,80,79,78,76,73,3,3,4,3,2,2,2,3,2,3,3,3,
206,Lihue,Hawaii,13,72,72,73,74,75,78,79,80,80,78,76,73,5,5,6,6,5,6,6,7,6,6,7,6,
206,Boise,Idaho,9,30,37,44,51,59,67,75,74,64,53,40,31,4,3,3,3,3,3,2,1,2,2,3,3,
206,Lewiston,Idaho,10,34,38,45,51,59,66,74,73,64,52,40,34,4,3,4,3,3,3,3,2,2,3,4,3,
206,Pocatello,Idaho,10,24,30,38,46,54,62,69,68,59,48,35,25,4,3,3,3,3,3,3,2,2,2,3,3,
206,Chicago,Illinois,10,22,27,37,48,59,68,73,72,64,52,39,27,3,3,4,4,3,3,3,3,3,3,4,3,
206,Moline,Illinois,10,21,27,39,51,62,71,75,73,65,53,39,26,3,3,4,4,4,3,3,3,3,3,3,3,
206,Peoria,Illinois,10,23,28,40,51,62,71,75,73,65,53,40,28,3,3,4,4,4,3,3,3,3,3,3,3,
206,Rockford,Illinois,10,19,25,36,48,60,69,73,71,63,51,37,24,3,3,4,4,4,3,3,3,3,3,3,3,
206,Springfield,Illinois,11,25,31,42,53,64,73,76,74,67,56,42,30,3,3,4,4,3,3,3,3,3,3,3,3,
206,Evansville,Indiana,8,31,36,46,56,66,75,79,77,69,57,46,36,3,3,4,4,3,3,3,3,3,3,3,3,
206,Fort Wayne,Indiana,10,24,27,38,49,60,70,73,71,64,52,41,29,4,3,4,4,4,3,3,3,3,3,4,4,
206,Indianapolis,Indiana,10,27,31,42,52,63,72,75,74,66,55,43,32,4,3,4,4,4,3,3,3,3,3,3,4,
206,South Bend,Indiana,10,23,27,38,48,60,69,73,71,63,52,40,29,5,4,5,4,4,4,3,3,3,3,4,5,
206,Des Moines,Iowa,11,20,27,38,51,62,71,76,74,65,53,38,25,3,3,3,4,4,4,3,3,3,3,3,3,
206,Dubuque,Iowa,11,17,23,35,48,59,68,72,70,62,50,36,23,3,3,4,4,4,4,3,3,3,3,3,3,
206,Sioux City,Iowa,11,19,25,37,50,61,71,75,72,63,51,35,22,3,3,3,3,3,4,3,3,3,2,3,3,
206,Waterloo,Iowa,11,16,23,35,48,60,70,74,71,63,50,35,22,3,3,3,3,4,4,3,3,3,3,3,3,
206,Concordia,Kansas,12,27,32,43,53,63,73,79,77,68,56,41,30,2,2,3,3,3,3,3,3,3,2,2,2,
206,Dodge City,Kansas,14,30,36,44,54,64,74,80,78,69,57,42,33,2,2,3,3,3,3,3,3,3,2,2,2,
206,Goodland,Kansas,13,28,32,40,49,59,70,75,73,64,52,37,30,2,2,3,3,3,3,3,3,2,2,2,2,
206,Topeka,Kansas,10,27,33,44,55,64,74,78,77,68,57,43,31,2,3,3,3,4,4,3,3,3,3,3,2,
206,Wichita,Kansas,12,30,36,46,55,65,76,81,80,71,59,44,34,2,2,3,3,3,3,3,3,3,2,2,2,
206,Jackson,Kentucky,6,34,38,47,56,64,71,75,74,68,58,48,38,5,5,5,4,5,4,4,4,3,3,4,5,
206,Lexington,Kentucky,9,32,36,46,55,64,72,76,75,68,57,46,36,4,4,4,4,4,4,3,3,3,3,4,4,
206,Louisville,Kentucky,8,33,38,47,56,66,74,78,77,70,59,48,38,3,3,4,4,4,3,3,3,3,3,3,3,
206,Paducah,Kentucky,7,33,38,48,57,66,75,78,76,69,58,47,37,3,3,4,4,3,3,3,3,3,3,3,3,
206,Baton Rouge,Louisiana,8,50,54,60,67,74,80,82,81,78,68,59,52,3,3,3,3,3,4,3,4,3,2,3,3,
206,Lake Charles,Louisiana,8,51,54,61,67,75,81,83,82,78,70,60,53,3,3,3,3,3,3,3,3,3,3,3,3,
206,New Orleans,Louisiana,8,53,56,62,68,76,81,83,83,79,70,61,55,3,3,3,3,3,4,3,5,3,2,3,3,
206,Shreveport,Louisiana,8,46,51,59,65,73,80,83,83,77,67,56,48,3,3,3,3,3,3,3,3,3,3,3,3,
206,Caribou,Maine,10,10,13,25,38,52,61,66,63,54,43,31,16,5,4,4,4,5,5,5,5,4,4,5,5,
206,Portland,Maine,9,22,25,34,44,54,63,69,67,59,48,38,28,3,3,4,4,4,4,3,3,3,3,4,3,
206,Baltimore,Maryland,9,32,36,44,53,63,72,77,75,67,55,46,37,3,3,4,4,3,3,3,3,3,3,3,3,
206,Blue Hill,Massachusetts,15,26,28,36,46,57,66,72,70,62,52,42,31,4,4,4,4,4,4,3,3,3,3,4,4,
206,Boston,Massachusetts,12,29,32,39,48,59,68,74,72,65,54,45,35,4,3,4,4,4,3,3,3,3,3,4,3,
206,Worcester,Massachusetts,10,24,26,34,45,56,65,70,68,60,50,40,29,4,4,4,4,4,4,3,3,3,3,4,4,
206,Alpena,Michigan,8,18,19,28,40,52,61,67,65,56,46,35,24,5,4,4,4,4,4,3,3,4,4,5,5,
206,Detroit,Michigan,10,25,27,37,48,60,69,74,72,64,52,41,30,4,4,4,4,4,3,3,3,3,3,4,4,
206,Flint,Michigan,10,21,24,34,45,57,66,71,69,61,49,38,27,4,4,4,4,3,3,3,3,3,3,4,4,
206,Grand Rapids,Michigan,10,22,25,35,46,58,67,71,69,61,50,38,28,5,4,4,4,3,3,3,3,3,3,5,5,
206,Houghton Lake,Michigan,9,18,20,29,42,54,62,67,65,57,46,35,24,5,4,4,4,3,4,3,3,4,4,5,5,
206,Lansing,Michigan,10,22,24,34,46,57,66,70,68,61,49,38,27,5,4,4,4,3,4,3,3,3,3,4,5,
206,Marquette,Michigan,10,12,15,24,36,50,59,64,62,54,43,29,17,6,5,5,4,3,4,4,3,5,5,6,6,
206,Muskegon,Michigan,11,24,25,34,45,56,65,70,69,61,50,39,29,6,5,4,4,3,3,3,3,3,3,5,5,
206,Sault Ste. Marie,Michigan,9,13,16,25,38,51,59,64,63,55,44,32,20,7,5,4,4,3,4,3,3,4,5,6,7,
206,Duluth,Minnesota,11,8,15,25,39,52,60,66,64,55,44,28,14,4,3,4,4,4,4,4,4,4,3,4,3,
206,International Falls,Minnesota,9,3,11,24,39,53,62,66,64,53,42,24,9,3,3,3,3,4,4,4,4,4,3,4,3,
206,Minneapolis,Minnesota,11,13,20,32,47,59,68,73,71,61,49,33,19,3,3,3,3,4,4,4,3,3,3,3,3,
206,St. Paul,Minnesota,11,13,20,32,47,59,68,73,71,61,49,33,19,3,3,3,3,4,4,4,3,3,3,3,3,
206,Rochester,Minnesota,13,12,18,31,45,57,66,70,68,59,47,31,17,3,3,3,4,4,4,3,3,3,3,3,3,
206,Saint Cloud,Minnesota,8,9,16,28,44,57,65,70,67,57,45,29,14,3,3,3,3,3,4,4,3,3,3,3,3,
206,Jackson,Mississippi,7,45,49,57,63,72,79,81,81,76,64,55,48,3,3,3,3,3,3,3,3,3,2,3,3,
206,Meridian,Mississippi,6,46,50,57,64,72,79,82,81,76,65,56,49,3,3,3,3,3,3,3,3,3,2,3,3,
206,Tupelo,Mississippi,7,40,45,53,61,69,77,81,80,73,62,52,43,3,3,4,3,3,4,3,3,3,3,3,3,
206,Columbia,Missouri,10,28,34,44,54,64,73,77,76,67,56,43,32,3,3,4,4,4,3,3,3,3,3,3,3,
206,Kansas City,Missouri,11,27,33,44,54,64,74,79,77,68,57,43,31,3,3,3,4,4,3,3,3,3,3,3,3,
206,St. Louis,Missouri,10,30,35,46,57,67,76,80,78,70,58,45,34,3,3,4,4,3,3,3,3,3,3,3,3,
206,Springfield,Missouri,10,32,37,46,56,65,73,79,78,69,58,46,36,3,3,3,4,3,3,3,3,3,3,3,3,
206,Billings,Montana,11,24,30,37,46,56,65,72,71,60,48,34,26,3,3,3,3,3,4,3,3,3,2,3,3,
206,Glasgow,Montana,11,11,19,31,45,56,64,70,70,57,45,28,16,3,3,3,3,3,4,3,3,3,2,3,3,
206,Great Falls,Montana,13,22,26,33,43,52,60,66,66,55,46,32,24,3,3,3,3,3,4,4,3,3,2,3,3,
206,Helena,Montana,8,20,26,35,44,53,61,68,67,56,45,31,21,3,3,3,3,3,4,4,3,3,2,3,3,
206,Kalispell,Montana,6,21,27,35,43,51,58,64,63,53,42,31,23,5,4,4,3,4,4,4,3,3,3,4,5,
206,Missoula,Montana,6,24,29,38,45,53,60,67,66,56,44,32,23,5,3,4,4,4,4,4,3,3,3,4,4,
206,Grand Island,Nebraska,12,22,28,38,50,61,71,76,74,64,52,36,26,2,3,3,3,3,3,3,3,3,2,2,2,
206,Lincoln,Nebraska,10,22,28,39,51,62,73,78,75,66,54,38,27,2,2,3,3,3,3,3,3,3,2,3,2,
206,Norfolk,Nebraska,11,20,26,37,49,60,70,75,73,63,51,35,24,2,3,3,3,3,3,3,3,3,2,2,2,
206,North Platte,Nebraska,10,23,29,38,48,58,68,74,73,62,50,35,26,2,2,3,3,3,3,3,3,3,2,2,2,
206,Omaha,Nebraska,11,22,28,39,51,62,72,77,75,65,53,38,26,2,3,3,3,4,4,3,3,3,2,3,2,
206,Scottsbluff,Nebraska,11,25,30,37,46,57,67,73,71,61,48,34,26,2,2,3,3,3,4,3,3,3,2,2,2,
206,Valentine,Nebraska,10,21,27,35,46,58,68,74,72,62,48,33,24,2,2,3,3,3,4,3,3,3,2,2,2,
206,Elko,Nevada,6,26,31,39,45,53,62,69,68,58,47,35,26,3,3,3,3,3,2,2,1,2,2,3,3,
206,Ely,Nevada,10,25,30,36,42,50,60,67,66,57,45,34,26,3,3,3,3,3,2,2,2,2,2,2,2,
206,Las Vegas,Nevada,9,47,52,58,66,75,86,91,89,81,69,55,47,1,1,1,1,0,0,0,1,1,1,1,1,
206,Reno,Nevada,7,34,39,43,49,56,65,71,70,62,52,41,34,2,3,3,2,2,1,1,1,1,1,2,2,
206,Winnemucca,Nevada,8,30,36,41,47,55,64,72,70,60,49,37,30,3,3,3,3,3,2,2,1,1,2,3,3,
206,Concord,New Hampshire,7,20,23,33,45,56,65,70,68,59,48,38,26,3,3,4,4,4,4,3,3,3,3,4,3,
206,Mt. Washington,New Hampshire,35,5,7,14,23,36,44,49,48,40,30,21,10,7,7,7,7,6,6,5,5,5,5,7,7,
206,Atlantic City,New Jersey,10,32,34,42,51,61,70,75,74,66,55,46,37,3,3,4,4,3,3,3,3,3,3,3,3,
206,Newark,New Jersey,10,31,34,42,52,63,72,77,76,68,56,46,36,3,3,4,4,4,3,3,3,3,3,3,3,
206,Albuquerque,New Mexico,9,36,41,48,56,65,75,79,76,69,57,44,36,2,2,2,1,2,2,2,3,3,2,2,2,
206,Clayton,New Mexico,12,34,38,44,52,61,70,74,72,65,55,42,35,1,1,2,2,3,3,3,3,3,2,1,1,
206,Roswell,New Mexico,9,40,46,53,61,70,78,81,79,72,61,49,41,2,1,1,1,2,2,2,2,3,2,1,2,
206,Albany,New York,9,22,25,35,47,58,66,71,69,61,49,39,28,4,3,4,4,4,4,3,3,3,3,4,4,
206,Binghamton,New York,10,22,24,33,44,56,64,69,67,59,48,38,27,5,5,5,5,5,4,4,3,4,4,5,6,
206,Buffalo,New York,12,25,26,34,45,57,66,71,69,62,51,40,30,7,7,6,5,4,4,3,3,4,4,6,7,
206,Islip,New York,9,31,32,40,49,59,69,75,73,66,54,45,36,3,3,4,4,3,3,3,3,3,3,3,3,
206,The Bronx,New York,9,32,35,43,53,63,71,77,75,68,57,47,37,3,3,4,4,3,3,3,3,3,3,3,3,
206,New York,New York,12,32,34,41,50,60,69,75,74,67,57,47,37,3,3,4,4,4,3,3,3,3,3,3,3,
206,Queens,New York,12,33,35,42,52,62,72,77,76,69,58,48,38,3,3,4,4,3,3,3,3,3,3,3,3,
206,Rochester,New York,10,24,25,34,45,57,66,71,69,61,50,40,29,6,6,5,4,4,4,3,3,4,4,5,6,
206,Syracuse,New York,9,23,25,34,45,57,66,71,69,61,50,40,29,7,6,6,5,4,4,3,3,4,4,6,7,
206,Asheville,North Carolina,7,36,39,46,54,62,69,73,72,66,55,46,39,3,3,4,3,4,4,4,4,3,3,3,3,
206,Cape Hatteras,North Carolina,11,46,47,52,60,68,75,79,79,75,66,58,50,3,3,4,3,3,3,3,4,3,3,3,3,
206,Charlotte,North Carolina,7,42,45,53,61,69,77,80,79,73,62,52,44,3,3,4,3,3,3,3,3,3,3,3,3,
206,Greensboro,North Carolina,8,38,41,49,58,66,74,78,76,70,59,49,41,3,3,4,3,3,3,3,4,3,3,3,3,
206,Winston-Salem,North Carolina,8,38,41,49,58,66,74,78,76,70,59,49,41,3,3,4,3,3,3,3,4,3,3,3,3,
206,High Point,North Carolina,8,38,41,49,58,66,74,78,76,70,59,49,41,3,3,4,3,3,3,3,4,3,3,3,3,
206,Raleigh,North Carolina,8,40,43,51,59,67,75,79,77,71,60,51,43,3,3,3,3,3,3,3,4,3,3,3,3,
206,Wilmington,North Carolina,9,46,49,55,63,70,77,81,80,75,65,57,49,3,3,3,3,3,3,3,4,3,3,3,3,
206,Bismarck,North Dakota,10,10,18,30,43,56,65,70,69,58,45,28,15,3,3,3,3,3,4,4,3,3,2,3,3,
206,Fargo,North Dakota,12,7,14,27,44,57,66,71,69,58,45,27,13,3,3,3,3,3,4,3,3,3,3,3,3,
206,Williston,North Dakota,10,8,17,29,43,55,64,69,68,56,44,26,13,3,3,3,3,3,4,3,3,3,2,3,3,
206,Cincinnati,Ohio,9,30,34,44,54,64,72,76,75,67,56,45,35,4,4,4,4,4,4,3,3,3,3,4,4,
206,Akron,Ohio,10,25,28,38,48,59,68,72,70,63,52,41,31,5,5,5,5,4,4,3,3,3,3,5,5,
206,Cleveland,Ohio,11,26,28,38,48,59,68,72,70,63,52,42,31,6,5,5,5,4,4,3,3,3,3,5,5,
206,Columbus,Ohio,8,28,32,42,52,63,71,75,74,67,55,44,34,5,4,4,4,4,4,3,3,3,3,4,4,
206,Dayton,Ohio,10,26,30,40,51,61,70,74,72,65,54,42,31,4,4,4,4,4,4,3,3,3,3,4,4,
206,Mansfield,Ohio,10,24,27,37,47,58,67,71,69,63,52,41,30,5,4,5,5,4,4,3,3,3,3,4,5,
206,Toledo,Ohio,9,24,27,37,48,60,69,73,71,64,52,41,29,4,3,4,4,4,3,3,3,3,3,4,5,
206,Youngstown,Ohio,10,25,28,37,47,58,66,70,68,62,51,41,30,6,6,5,5,4,4,4,3,3,3,5,6,
206,Oklahoma City,Oklahoma,12,37,42,51,60,68,77,82,81,73,62,49,40,2,3,3,3,3,3,3,2,3,3,3,2,
206,Tulsa,Oklahoma,10,36,42,51,61,69,78,84,82,74,63,50,40,2,3,3,3,3,3,3,2,3,3,3,3,
206,Astoria,Oregon,9,42,44,46,49,53,57,60,61,59,53,47,43,8,7,8,7,5,4,4,3,3,5,8,8,
206,Burns,Oregon,8,24,30,37,43,51,58,66,64,55,44,33,25,3,3,4,3,3,3,2,1,2,2,4,4,
206,Eugene,Oregon,8,40,43,46,50,55,60,66,66,62,53,45,40,6,6,6,4,3,3,3,1,3,3,6,6,
206,Medford,Oregon,5,39,44,47,52,58,66,73,73,66,55,44,38,5,4,4,3,3,2,2,1,2,3,4,5,
206,Pendleton,Oregon,9,34,39,45,51,58,65,73,72,63,52,41,34,4,3,4,3,3,3,2,1,2,3,4,4,
206,Portland,Oregon,8,40,43,47,51,57,63,68,69,64,54,46,40,6,6,6,5,4,3,3,2,3,4,7,7,
206,Salem,Oregon,7,40,43,47,50,56,61,67,67,62,53,45,40,6,6,6,5,3,3,3,1,3,4,7,7,
206,Sexton Summit,Oregon,12,38,39,40,43,50,57,64,64,60,51,41,37,5,6,6,4,3,3,2,1,2,3,6,6,
206,Allentown,Pennsylvania,9,27,30,39,49,60,69,73,71,63,52,42,32,3,3,4,4,4,4,3,3,3,3,3,3,
206,Erie,Pennsylvania,11,27,28,37,47,58,67,72,71,64,53,43,33,7,6,5,5,4,4,3,3,4,4,6,7,
206,Harrisburg,Pennsylvania,8,30,33,42,52,62,71,76,74,66,55,44,35,3,3,4,4,4,4,3,3,3,3,3,3,
206,Middletown,Pennsylvania,8,30,33,42,52,62,71,76,74,66,55,44,35,3,3,4,4,4,4,3,3,3,3,3,3,
206,Harrisburg,Pennsylvania,8,30,33,42,52,62,71,76,74,66,55,44,35,3,3,4,4,4,4,3,3,3,3,3,3,
206,Philadelphia,Pennsylvania,10,32,35,43,53,64,72,78,76,69,57,47,37,3,3,4,4,3,3,3,3,3,3,3,3,
206,Pittsburgh,Pennsylvania,9,28,31,40,50,60,68,73,71,64,53,42,33,5,5,5,5,4,4,4,3,3,3,4,5,
206,Avoca,Pennsylvania,8,26,29,38,49,60,68,72,70,63,52,42,31,4,4,4,4,4,4,4,3,3,3,4,4,
206,Williamsport,Pennsylvania,8,26,29,38,49,60,68,72,71,63,51,41,31,4,4,4,4,5,4,4,4,3,3,4,4,
206,San Juan,Puerto Rico,8,77,77,78,79,81,82,82,82,82,82,80,78,6,5,4,4,5,5,5,7,7,6,7,7,
206,Providence,Rhode Island,10,29,31,39,49,59,68,73,72,64,53,44,34,3,3,4,4,4,4,3,3,3,3,4,4,
206,Charleston,South Carolina,9,48,51,58,64,72,78,82,81,76,66,58,51,3,3,3,3,3,4,3,5,3,2,3,3,
206,Columbia,South Carolina,7,45,48,55,63,72,79,82,80,75,64,55,47,3,3,3,3,3,3,3,4,3,2,3,3,
206,Greenville,South Carolina,7,41,44,52,59,67,75,79,78,71,61,51,44,3,3,4,3,3,3,3,4,3,3,3,3,
206,Spartanburg,South Carolina,7,41,44,52,59,67,75,79,78,71,61,51,44,3,3,4,3,3,3,3,4,3,3,3,3,
206,Aberdeen,South Dakota,11,11,19,31,45,58,67,72,71,60,47,29,16,3,3,3,3,3,4,3,3,3,2,3,2,
206,Huron,South Dakota,12,14,21,33,46,58,68,73,72,61,48,31,19,2,3,3,3,3,4,3,3,3,2,3,2,
206,Rapid City,South Dakota,11,22,27,35,45,55,65,72,71,61,48,33,25,2,3,3,3,4,4,4,3,3,2,3,2,
206,Sioux Falls,South Dakota,11,14,21,33,46,58,68,73,71,61,48,31,18,2,3,3,3,3,4,3,3,3,2,3,2,
206,Bristol,Tennessee,5,34,38,47,55,63,71,74,73,67,55,46,37,4,4,4,4,4,4,4,4,3,3,3,4,
206,Johnson City,Tennessee,5,34,38,47,55,63,71,74,73,67,55,46,37,4,4,4,4,4,4,4,4,3,3,3,4,
206,Kingsport,Tennessee,5,34,38,47,55,63,71,74,73,67,55,46,37,4,4,4,4,4,4,4,4,3,3,3,4,
206,Chattanooga,Tennessee,6,39,43,51,60,68,75,80,79,72,60,50,42,4,4,4,3,3,4,3,4,3,3,3,3,
206,Knoxville,Tennessee,7,38,42,50,58,66,74,78,77,71,59,49,41,4,4,4,4,3,4,3,3,3,3,3,3,
206,Memphis,Tennessee,9,40,45,54,62,71,79,83,81,75,64,52,43,3,3,4,3,3,3,3,3,3,3,3,3,
206,Nashville,Tennessee,8,37,41,50,59,67,75,79,78,71,60,49,41,3,4,4,4,3,3,3,3,3,3,3,3,
206,Oak Ridge,Tennessee,4,37,41,49,57,66,73,77,76,70,58,48,39,4,4,4,4,3,4,3,4,3,3,3,3,
206,Abilene,Texas,12,44,49,56,65,73,80,84,83,76,66,54,45,2,2,2,3,3,3,2,2,3,2,2,2,
206,Amarillo,Texas,14,36,41,48,56,65,74,78,76,69,58,45,37,2,2,2,2,3,3,3,3,3,2,2,2,
206,Austin,Texas,9,50,55,62,68,75,81,84,85,80,71,60,52,3,3,3,3,3,3,3,2,3,3,3,3,
206,Brownsville,Texas,11,60,63,69,74,79,83,84,84,81,75,68,61,3,3,2,2,2,3,2,2,3,3,3,3,
206,Arlington,Texas,11,44,49,57,65,73,81,85,84,78,67,55,47,3,3,3,3,3,3,3,2,3,2,3,2,
206,Corpus Christi,Texas,12,56,60,66,72,78,82,84,84,81,74,65,58,3,3,3,2,2,3,2,2,3,3,3,3,
206,Dallas,Texas,11,44,49,57,65,73,81,85,84,78,67,55,47,3,3,3,3,3,3,3,2,3,2,3,2,
206,Fort Worth,Texas,11,44,49,57,65,73,81,85,84,78,67,55,47,3,3,3,3,3,3,3,2,3,2,3,2,
206,Del Rio,Texas,9,51,56,64,71,78,83,85,85,80,71,60,52,2,2,2,2,3,2,2,2,3,2,2,2,
206,El Paso,Texas,10,45,51,57,65,74,82,83,81,75,65,53,45,2,1,1,1,1,1,1,3,2,2,1,2,
206,Galveston,Texas,9,56,58,64,70,77,82,84,84,81,74,65,58,3,3,3,3,2,3,3,3,3,3,3,3,
206,Houston,Texas,8,52,55,62,69,76,81,84,83,79,70,61,54,3,3,3,3,3,3,3,3,3,3,3,3,
206,Lubbock,Texas,12,38,43,51,60,69,77,80,78,71,61,48,40,2,2,2,2,3,3,3,3,3,2,2,2,
206,Midland,Texas,11,43,49,56,64,73,80,82,80,74,64,52,45,2,2,1,1,2,2,2,2,2,2,1,1,
206,Odessa,Texas,11,43,49,56,64,73,80,82,80,74,64,52,45,2,2,1,1,2,2,2,2,2,2,1,1,
206,Port Arthur,Texas,10,52,56,62,68,75,81,83,83,79,70,61,54,3,3,3,3,3,3,3,3,3,3,3,3,
206,San Angelo,Texas,10,45,50,57,65,73,79,82,81,75,65,54,46,2,2,2,2,3,3,2,2,3,2,2,2,
206,San Antonio,Texas,9,50,55,62,69,76,82,84,84,79,71,60,52,3,3,3,3,3,3,3,2,3,3,3,3,
206,Victoria,Texas,10,53,57,64,70,77,82,84,84,80,72,63,55,3,3,3,3,3,3,3,3,3,3,3,3,
206,Waco,Texas,11,46,51,59,66,74,81,85,85,79,69,57,48,3,3,3,3,3,3,3,2,3,2,3,2,
206,Wichita Falls,Texas,12,41,46,54,62,71,80,85,84,76,65,52,43,2,3,3,3,3,3,3,2,3,2,2,2,
206,Milford,Utah,9,28,34,42,48,57,67,74,73,63,51,38,29,3,3,3,3,2,1,1,2,2,2,2,2,
206,Salt Lake City,Utah,9,29,35,43,50,59,69,77,76,65,53,40,30,3,3,3,3,3,2,2,2,2,2,3,3,
206,Burlington,Vermont,9,18,20,31,44,57,66,71,68,59,48,37,25,5,4,4,4,5,4,4,4,4,4,5,5,
206,Dulles,Virginia,7,32,35,43,53,62,71,76,74,67,55,45,36,3,3,3,4,4,3,3,3,3,3,3,3,
206,Lynchburg,Virginia,7,35,38,46,55,63,71,75,74,67,56,47,38,3,3,4,3,4,3,3,4,3,3,3,3,
206,Norfolk,Virginia,11,40,42,49,57,66,75,79,77,72,61,52,44,3,3,4,3,3,3,3,3,3,3,3,3,
206,Richmond,Virginia,8,36,40,48,57,65,74,78,76,70,58,49,40,3,3,4,3,3,3,3,3,3,3,3,3,
206,Roanoke,Virginia,8,36,39,47,56,64,72,76,75,68,57,47,39,3,3,4,3,4,4,3,4,3,3,3,3,
206,Olympia,Washington,7,38,41,44,47,53,58,63,63,58,50,42,38,7,7,7,5,3,3,3,2,3,5,7,7,
206,Quillayute,Washington,6,41,42,44,47,51,55,59,59,57,50,44,41,8,7,8,7,6,5,5,3,4,6,8,8,
206,Seattle,Washington,7,42,44,47,51,57,61,66,66,61,53,46,41,6,6,6,5,3,3,3,2,3,3,7,6,
206,Tacoma,Washington,9,41,43,46,50,56,61,65,66,61,53,45,41,7,6,6,5,3,3,3,2,3,4,7,7,
206,Spokane,Washington,9,27,33,40,47,54,62,69,69,59,47,35,27,5,4,4,3,3,3,3,2,2,3,4,5,
206,Walla Walla,Washington,8,35,40,47,53,60,67,75,75,66,55,43,35,4,3,4,3,3,3,3,2,2,3,5,4,
206,Yakima,Washington,7,29,35,43,49,56,63,69,68,60,49,37,29,3,3,3,2,2,2,2,1,1,2,3,3,
206,Beckley,West Virginia,8,30,34,42,52,60,67,71,69,63,53,43,35,5,5,6,5,5,4,4,4,3,3,4,5,
206,Charleston,West Virginia,6,33,37,45,54,62,70,74,73,66,55,46,38,5,5,5,5,4,4,4,4,3,3,4,5,
206,Elkins,West Virginia,6,29,32,40,49,58,66,70,69,62,51,41,33,6,6,6,5,5,5,5,5,4,3,4,6,
206,Huntington,West Virginia,7,33,37,46,55,64,71,75,74,67,56,46,37,4,4,5,4,4,4,3,4,3,3,4,4,
206,Green Bay,Wisconsin,10,16,21,31,44,56,65,70,68,59,47,34,21,3,3,4,4,3,4,3,3,3,3,3,3,
206,La Crosse,Wisconsin,9,16,23,35,48,61,70,74,72,63,51,36,22,3,3,3,4,4,4,3,3,3,3,3,3,
206,Madison,Wisconsin,10,17,23,34,46,58,67,72,69,61,49,36,23,3,3,4,4,4,4,3,3,3,3,3,3,
206,Milwaukee,Wisconsin,12,21,25,35,45,56,66,72,71,63,51,38,26,3,3,4,4,4,4,3,3,3,3,4,3,
206,Casper,Wyoming,13,22,27,35,43,52,63,70,69,58,46,32,24,3,3,3,3,3,3,3,3,3,3,3,3,
206,Cheyenne,Wyoming,13,26,29,34,42,51,62,68,66,57,45,33,27,2,3,3,3,4,4,3,3,3,2,3,2,
206,Lander,Wyoming,7,20,26,36,44,53,64,71,69,59,46,30,21,2,2,3,3,3,3,3,2,3,2,2,2,
206,Sheridan,Wyoming,8,21,27,35,44,53,62,69,68,57,45,31,22,3,3,4,4,4,4,3,3,3,3,3,3,
1,Kabul,,14,30,33,45,57,64,73,78,76,69,57,46,36,1,2,2,2,1,0,0,0,0,0,0,1,
2,Tirane,,13,44,46,47,55,63,71,75,76,69,61,54,47,7,7,7,7,8,3,3,1,3,6,8,8,
3,Algiers,,5,52,54,55,58,64,71,77,78,74,67,60,55,3,3,3,2,1,1,0,0,1,3,4,4,
4,Pago Pago,,14,81,82,82,81,81,80,79,79,80,81,81,81,21,18,19,18,17,16,16,15,14,18,17,19,
5,Andorra La Vella,,8,32,34,37,41,48,55,62,61,56,48,39,34,2,2,2,3,4,3,2,3,3,3,3,2,
6,Luanda,,14,78,80,80,80,77,72,69,69,71,75,77,78,2,3,5,7,1,0,0,0,0,1,2,2,
7,The Valley,,14,79,79,80,81,82,84,85,85,85,84,82,80,2,2,1,3,3,2,3,4,4,3,4,3,
8,Saint John's,,9,78,78,78,79,81,83,83,83,83,82,80,78,14,11,11,9,11,11,13,13,13,13,14,14,
9,Buenos Aires,,13,75,73,69,62,56,51,50,53,56,61,66,72,4,3,3,3,3,2,2,2,2,3,3,3,
10,Yerevan,,7,27,32,43,55,63,72,79,78,70,56,44,33,9,8,9,11,11,7,3,3,3,8,7,7,
11,Oranjestad,,11,81,81,82,83,84,85,84,85,85,85,83,81,13,9,8,6,6,8,10,8,7,9,13,15,
12,Canberra,,5,69,68,64,56,49,44,42,45,49,55,60,66,2,2,2,2,2,1,1,2,2,2,2,2,
12,Sydney,,9,72,73,70,65,60,55,53,55,59,64,67,71,3,4,4,4,3,4,2,3,2,3,3,3,
12,Alice Springs,,11,84,82,77,69,60,55,53,58,65,73,78,82,1,1,1,0,1,1,1,0,0,1,1,1,
12,Darwin,,13,83,83,83,83,81,78,77,79,82,84,85,84,13,11,10,3,1,0,0,0,1,2,5,8,
12,Brisbane,,9,77,77,75,71,66,61,59,61,65,70,73,76,5,6,5,3,3,3,2,1,1,3,3,4,
12,Adelaide,,11,71,71,68,63,57,53,52,53,56,60,65,68,1,1,1,1,2,2,2,2,1,1,1,1,
12,Melbourne,,10,68,68,65,60,55,50,48,50,53,57,61,65,2,1,1,2,2,1,1,2,2,2,2,2,
12,Perth,,6,76,76,73,66,61,57,55,56,58,61,66,71,0,0,1,2,4,6,5,4,2,2,1,0,
13,Vienna,,5,32,33,42,49,59,64,68,68,61,51,40,34,17,14,16,16,15,17,15,13,13,13,17,18,
13,Innsbruck,,10,27,32,41,49,57,63,66,65,59,49,39,30,5,4,4,5,6,7,8,8,6,5,5,5,
14,Baku,,6,37,37,42,51,62,71,77,77,69,60,51,42,1,1,1,1,0,0,0,0,1,1,1,1,
15,Nassau,,10,71,71,73,75,78,82,83,83,83,80,77,73,2,1,1,2,4,6,5,6,6,6,2,1,
16,Manama,,14,62,65,70,78,87,91,94,94,91,85,76,68,1,1,0,0,0,0,0,0,0,0,0,1,
17,Dhaka,,14,67,72,80,83,84,84,84,85,84,82,76,69,0,1,2,4,9,12,13,10,8,5,1,0,
18,St. John,,7,77,77,77,78,80,80,78,80,80,78,78,77,3,2,1,1,2,4,5,6,6,6,6,3,
19,Minsk,,14,22,23,32,43,55,60,63,62,53,43,33,26,1,1,1,2,2,3,3,3,2,2,2,2,
20,Antwerp,,13,38,38,44,48,55,60,64,64,59,52,44,40,18,13,17,16,16,15,15,13,14,15,17,17,
20,Brussels,,8,38,38,44,48,55,60,64,64,59,52,44,40,3,2,3,2,2,2,2,1,2,3,2,2,
21,Belize City,,14,75,76,79,81,83,83,83,83,82,80,78,76,4,2,2,1,3,7,7,6,8,8,6,6,
22,Porto-Novo,,8,80,82,82,82,80,78,77,77,77,78,80,80,1,1,3,4,7,12,4,1,3,5,2,1,
266,Town Hill,,14,62,62,62,64,69,75,78,78,77,73,68,64,4,4,4,3,4,4,4,4,4,5,4,4,
24,Thimphu,,10,41,46,50,56,64,68,61,69,66,61,53,44,1,1,1,2,4,8,12,11,5,1,0,0,
25,La Paz,,6,47,48,47,46,44,42,41,43,45,47,48,48,4,3,2,1,0,0,0,1,1,1,2,3,
26,Sarajevo,,6,30,34,42,49,58,63,67,67,61,52,40,32,12,13,13,14,13,11,8,9,8,10,11,13,
27,Gaborone,,5,80,78,76,70,64,57,57,63,70,75,77,78,3,3,2,1,0,0,0,0,1,1,2,3,
28,Rio De Janeiro,,8,83,84,82,79,75,73,72,73,74,76,79,81,4,4,4,4,3,2,2,2,2,3,3,5,
28,Sao Paulo,,9,74,75,74,70,66,64,63,65,65,69,71,72,8,7,5,2,1,1,1,1,2,5,4,7,
28,Brasilia,,5,73,73,73,72,69,66,66,69,72,73,73,73,17,15,15,10,5,2,2,3,7,13,17,20,
29,Road Town,,7,77,75,77,77,78,80,80,82,80,80,78,77,2,2,2,2,4,2,3,4,5,5,4,3,
30,Bander Seri Begawan,,13,80,81,82,83,83,82,81,82,82,81,81,81,16,12,12,15,17,14,17,16,18,19,21,19,
31,Sofia,,11,30,34,42,50,58,64,68,68,62,53,40,33,1,1,1,2,2,3,2,1,1,1,2,1,
32,Ouagadougou,,8,75,80,86,89,87,84,80,78,78,82,80,77,0,0,0,1,2,4,6,8,5,1,0,0,
33,Bujumbura,,12,77,77,76,77,77,76,76,77,78,78,76,76,3,3,4,4,2,0,0,1,1,2,3,3,
34,Phnom Penh,,10,79,81,83,85,84,83,83,83,82,81,80,78,1,1,3,4,5,9,9,9,10,11,7,3,
35,Yaounde,,12,76,76,76,75,75,73,73,72,73,73,74,74,2,5,7,8,8,8,4,5,10,13,7,2,
36,Calgary,Alberta,11,19,22,30,41,50,58,62,60,52,43,27,20,0,1,1,1,2,3,2,2,1,1,1,1,
36,Edmonton,Alberta,8,11,14,25,40,51,57,61,58,50,40,22,13,1,1,1,1,2,3,3,3,2,0,1,1,
36,Medicine Hat,Alberta,11,12,14,28,45,55,63,69,66,56,45,28,19,2,2,2,2,4,5,4,3,3,2,2,2,
36,Kamloops,British Columbia,14,22,27,38,50,58,64,70,68,59,47,35,28,3,2,1,1,2,3,3,3,2,2,3,3,
36,Victoria,British Columbia,6,39,41,44,48,53,58,61,62,57,50,43,40,5,3,2,1,1,1,1,1,1,3,4,5,
36,Winnipeg,Manitoba,12,2,8,21,40,54,62,68,65,54,42,23,7,1,1,1,1,2,3,2,2,2,1,1,1,
36,Saint Andrews,New Brunswick,12,21,23,30,39,48,57,62,62,55,46,37,26,4,3,3,3,3,3,3,3,3,3,4,4,
36,Saint John,New Brunswick,12,18,19,28,39,49,57,63,63,55,46,36,24,5,4,4,4,4,3,3,3,4,4,5,5,
36,Goose Bay,Newfoundland,6,4,15,29,42,52,60,58,49,37,24,8,2.7,2,2,2,2,3,3,3,3,2,2,2,0,
36,St. John's,Newfoundland,5,24,23,27,35,43,51,60,60,54,45,37,29,5,4,4,4,3,3,3,3,4,5,5,5,
36,Yellowknife,Northwest Territories,8,-13,-9,1,23,42,55,62,57,45,29,6,-9,0,0,0,0,1,1,1,1,1,1,1,1,
36,Halifax,Nova Scotia,14,22,22,29,40,49,59,65,65,58,47,38,27,2,2,2,2,2,1,1,1,1,1,2,2,
36,Iqaluit,Nunavut,10,-14,-17,-9,5,24,39,46,45,36,23,9,-7,1,1,1,1,1,1,2,2,2,1,1,1,
36,Guelph,Ontario,9,20,18,29,42,53,63,68,66,59,47,35,24,6,5,4,6,6,5,6,5,5,5,5,5,
36,Hamilton,Ontario,10,23,22,30,43,54,65,71,68,61,49,37,27,6,6,6,5,6,5,6,5,6,5,5,6,
36,Niagara Falls,Ontario,12,24,25,32,46,55,66,71,69,61,52,40,29,8,6,6,6,6,3,4,5,5,4,6,6,
36,Peterborough,Ontario,12,17,16,27,42,54,64,69,66,59,47,34,21,7,6,6,5,6,5,6,5,5,5,5,6,
36,Thunder Bay,Ontario,12,6,9,20,35,46,57,63,60,53,42,26,13,2,2,3,4,5,5,6,5,6,5,4,3,
36,Toronto,Ontario,14,21,22,32,44,55,64,70,68,59,48,38,27,2,2,2,2,2,2,2,3,2,2,2,2,
36,Charlottetown,Prince Edward Island,13,18,17,26,36,47,58,65,65,58,47,36,24,8,7,7,6,6,5,6,6,6,7,7,8,
36,Montreal,Quebec,13,14,17,28,43,56,65,70,68,58,46,35,20,2,2,2,2,2,3,3,3,3,3,3,3,
36,Quebec City,Quebec,9,10,14,24,39,53,62,67,65,55,44,31,16,3,2,3,3,3,4,4,4,4,3,3,3,
36,Moose Jaw,Saskatchewan,13,13,18,30,52,66,73,80,78,66,52,34,21,2,1,2,2,5,5,4,4,3,3,2,2,
36,Saskatoon,Saskatchewan,13,-1,2,16,37,51,59,64,61,50,39,21,7,2,1,2,2,4,5,5,4,3,2,2,2,
36,Whitehorse,Yukon,8,5,7,21,31,45,54,56,53,46,34,14,3,2,1,2,1,2,3,4,4,3,2,3,2,
36,Ottawa,Ontario,13,14,17,28,43,56,65,70,68,58,46,34,19,2,2,2,2,2,3,3,3,3,2,3,3,
36,Oshawa,Ontario,10,23,22,30,42,53,63,69,67,60,48,37,27,6,6,6,6,7,5,6,5,6,5,5,6,
36,Windsor,Ontario,12,24,24,33,44,57,66,71,69,62,51,39,28,2,2,2,3,3,3,3,3,2,2,2,2,
36,Sudbury,Ontario,6,9,10,22,37,51,62,66,63,56,44,29,16,5,4,5,6,5,5,5,5,6,6,6,5,
36,London,Ontario,9,22,20,30,43,55,65,69,67,61,48,37,26,8,8,6,6,6,6,6,5,6,6,7,8,
36,Kingston,Ontario,10,19,18,28,41,53,63,68,67,61,48,37,24,7,5,6,6,6,6,6,5,6,6,6,7,
36,Vancouver,British Columbia,13,38,41,44,49,54,59,63,64,58,51,43,39,5,4,3,2,2,2,1,1,2,4,5,6,
36,Moncton,New Brunswick,9,16,15,26,38,50,59,65,63,55,46,34,21,7,6,6,6,7,6,6,6,6,7,6,7,
36,Fredericton,New Brunswick,12,13,14,26,39,51,60,66,64,56,45,33,19,8,7,8,7,7,6,6,7,6,7,7,8,
36,Edmundston,New Brunswick,11,8,12,23,35,48,59,64,60,53,42,30,15,3,2,2,2,3,3,4,3,3,3,3,2,
36,Gander,Newfoundland,9,19,18,25,35,44,53,61,60,53,43,34,25,3,3,3,3,2,3,3,3,3,3,4,3,
36,Corner Brook,Newfoundland,9,23,21,26,35,44,53,62,60,53,44,35,28,4,3,3,2,2,3,3,3,3,4,4,4,
36,Stephenville,Newfoundland,14,24,22,27,36,45,53,60,60,54,45,38,28,11,8,7,5,6,6,7,6,7,8,11,11,
36,Summerside,Prince Edward Island,6,17,17,25,36,47,58,65,64,57,47,36,24,6,7,7,6,6,5,6,6,6,6,7,8,
36,Sydney,Nova Scotia,13,22,20,27,36,46,56,63,64,56,47,38,28,5,4,4,4,3,3,3,3,3,4,5,5,
36,Edmundston,New Brunswick,12,8,12,23,35,48,59,64,60,53,42,30,15,3,2,2,2,3,3,4,3,3,3,3,2,
36,Brandon,Manitoba,6,-2,1,16,38,51,60,65,62,53,40,21,6,2,2,2,3,4,5,5,5,4,2,2,2,
36,Trois Rivieres,Quebec,9,10,12,24,38,52,63,67,65,56,44,32,16,7,6,6,7,7,6,7,7,7,6,7,7,
37,Santa Maria,,5,71,70,71,72,73,75,77,79,80,79,76,73,0,0,0,0,0,0,0,0,1,0,0,0,
38,George Town,,12,77,77,79,81,82,84,84,84,83,82,81,78,4,3,3,3,6,6,6,7,8,8,8,5,
39,Bangui,,10,76,80,83,81,80,79,77,77,77,78,78,77,2,3,5,8,7,9,10,12,10,9,5,2,
40,N'Djamena,,11,75,79,86,92,91,89,83,81,83,85,82,76,0,0,0,0,1,2,5,7,3,1,0,0,
41,Valparaiso,,8,64,64,62,59,56,54,53,54,55,57,60,62,1,1,1,1,5,8,6,4,2,1,1,1,
41,Santiago,,11,70,68,65,59,53,48,47,50,53,58,63,67,0,0,0,0,2,3,3,2,1,0,0,0,
42,Beijing,,10,26,31,43,57,68,76,79,77,69,57,41,30,0,0,0,1,1,3,7,6,2,1,0,0,
42,Canton,,9,55,57,62,69,77,80,82,82,80,75,66,59,1,2,3,6,9,9,8,8,5,2,1,1,
42,Guangzhou,,13,58,59,65,72,79,82,84,84,82,76,68,60,1,2,3,6,9,9,8,8,5,2,1,1,
42,Hong Kong,,7,62,63,67,73,79,83,85,85,83,79,72,65,1,1,2,5,9,13,12,12,10,4,1,1,
42,Kowloon,,5,59,59,64,69,77,80,82,82,80,75,69,62,1,1,2,5,10,13,12,12,10,4,1,1,
42,Macau,,13,57,59,64,69,78,80,82,82,80,75,68,60,1,2,2,5,10,12,9,10,7,3,1,1,
42,Chongqing,,8,48,50,57,65,74,78,84,84,76,66,58,50,1,1,1,3,5,6,5,4,5,3,2,1,
42,Shenzhen,,6,57,59,64,71,77,80,82,82,80,75,68,60,1,2,2,5,8,10,10,11,9,2,1,1,
269,Urumqi,,5,11,14,30,50,62,71,76,73,62,46,28,15,1,1,1,1,1,1,1,1,1,1,1,2,
44,Cali,,6,75,76,76,75,75,75,75,76,75,75,74,75,2,3,4,6,4,3,1,2,3,5,4,3,
44,Cartagena,,10,80,81,82,83,83,83,83,83,83,82,82,81,0,0,0,1,4,4,3,5,5,9,5,1,
44,Medellin,,13,72,72,73,72,72,73,72,72,72,71,71,71,2,3,4,7,8,5,5,6,6,8,6,3,
45,Moroni,,9,80,80,78,78,77,75,73,73,73,75,78,78,14,11,11,12,10,8,9,6,3,4,4,8,
47,San Jose,,6,66,67,69,70,71,70,69,69,70,68,68,66,0,1,1,1,0,5,5,5,6,6,3,1,
96,Yamoussoukro,,11,79,83,83,83,81,79,77,78,78,79,79,78,0,1,2,2,3,3,3,4,3,3,1,0,
48,Zagreb,,9,32,35,44,51,60,66,69,68,62,51,42,35,2,2,2,3,3,4,3,3,3,4,3,3,
49,Cienfuegos,,13,72,72,74,76,78,80,81,81,80,79,75,73,2,3,6,7,14,19,17,20,17,16,6,3,
49,Guantanamo,,5,73,73,75,77,78,78,80,80,78,77,77,73,4,5,6,11,18,14,7,12,21,35,8,8,
49,Havana,,12,71,71,74,76,79,81,82,82,81,78,76,72,10,10,9,9,15,20,18,18,20,17,12,10,
49,Jaguey Grande,,8,72,72,74,75,78,80,81,81,81,79,76,73,7,5,5,5,12,12,10,12,13,10,9,5,
49,Manzanillo,,9,76,77,78,80,81,83,83,84,83,82,80,77,2,4,2,2,5,5,2,4,4,4,4,2,
49,Pinar del Rio,,11,72,72,75,77,79,81,82,80,80,79,76,72,9,9,9,9,18,18,13,13,18,13,10,9,
49,Puerto Padre,,6,75,75,77,78,80,82,84,84,82,80,79,76,7,7,7,5,10,7,5,5,9,12,10,12,
49,Sancti Spiritus,,10,72,72,75,77,79,80,81,81,80,79,76,73,2,3,3,5,14,18,13,13,13,15,4,2,
49,Santiago de Cuba,,5,76,76,77,78,80,81,82,82,82,81,79,77,15,9,11,12,28,20,14,19,21,38,19,16,
49,Santa Clara,,10,72,72,74,76,78,80,81,81,80,79,75,73,2,3,6,7,14,19,17,20,17,16,6,3,
50,Nicosia,,8,50,50,54,62,71,78,83,83,78,69,61,53,2,1,1,1,1,0,0,0,0,1,1,2,
51,Prague,,9,29,30,39,45,55,60,63,63,57,47,37,32,1,1,1,1,2,3,3,3,2,1,1,1,
228,Kinshasa,,10,80,80,81,81,80,76,74,76,79,79,79,79,10,8,11,12,10,2,1,3,5,10,12,11,
53,Copenhagen,,7,33,32,37,43,53,59,62,62,56,49,41,36,2,1,1,2,2,2,3,3,2,2,2,2,
54,Djibouti,,9,78,79,81,84,89,94,96,96,91,86,81,79,7,7,7,7,3,0,0,3,3,3,7,10,
55,Roseau,,6,75,75,75,77,78,78,78,78,78,78,77,75,4,3,3,3,6,7,9,9,10,9,9,5,
56,Barahona,,10,78,78,79,80,81,83,84,84,83,82,81,79,1,1,1,3,7,7,2,3,5,9,4,1,
56,Constanza,,5,59,60,62,64,64,66,66,66,66,66,62,60,1,1,1,3,6,4,2,4,5,4,3,2,
56,Cotui,,8,75,75,77,78,78,80,80,80,80,80,78,75,3,4,3,5,9,6,7,7,6,6,6,5,
56,El Copey,,6,69,71,71,73,75,77,77,78,77,77,73,71,2,3,3,5,8,4,2,3,4,6,5,3,
56,El Higo de las Tres Piernas,,8,75,75,77,77,78,78,78,80,80,78,77,75,5,4,4,5,8,5,6,7,6,8,11,7,
56,Guerra,,6,76,76,76,78,79,81,81,81,81,80,79,76,1,2,1,3,5,3,4,6,7,8,3,3,
56,Puerto Plata,,12,75,75,76,77,80,82,82,82,82,81,79,76,8,6,5,6,5,2,3,3,4,5,12,11,
56,San Cristobal,,7,75,75,77,77,78,78,80,80,80,78,77,75,3,2,2,3,11,10,8,7,8,9,4,2,
56,San Francisco de Macoris,,7,73,73,75,77,78,80,80,80,80,78,77,75,4,3,3,4,9,5,6,6,5,5,7,5,
56,San Juan,,5,71,73,75,77,77,78,78,78,78,77,75,71,1,1,1,3,5,4,4,5,6,6,2,1,
56,San Pedro de Macoris,,13,75,75,77,77,78,80,80,80,80,78,77,75,1,1,1,2,5,4,4,4,6,5,4,2,
56,Santiago,,7,73,75,77,77,78,80,80,80,82,80,77,73,2,2,2,4,6,3,2,2,4,4,4,3,
56,Santo Domingo,,13,76,76,77,79,80,81,81,81,81,80,79,77,2,2,2,3,7,6,6,6,7,7,4,3,
57,Dili,,6,80,78,78,78,78,77,75,75,75,78,80,80,5,5,5,3,3,2,1,1,1,1,3,5,
58,Guayaquil,,13,81,81,82,82,81,78,77,77,78,78,79,81,9,11,11,7,2,1,0,0,0,0,0,1,
59,Alexandria,,9,57,57,61,67,71,76,79,80,78,74,66,60,3,3,2,1,0,0,0,0,0,1,2,3,
59,Cairo,,11,57,59,64,71,77,82,83,82,80,75,67,60,0,0,0,0,0,0,0,0,0,0,0,0,
60,San Salvador,,13,74,75,77,78,77,76,76,76,75,75,75,74,0,0,0,1,5,12,11,13,13,9,1,0,
62,Abeng'nam,,6,78,78,78,78,78,77,75,75,77,77,77,78,10,8,12,12,13,2,0,1,9,25,19,12,
63,Assab,,5,78,78,81,87,88,90,95,94,91,88,83,80,0,0,0,0,0,0,0,0,0,0,0,1,
64,Tallinn,,12,25,23,30,39,50,57,62,60,51,43,34,28,1,1,1,1,2,2,3,3,3,2,2,2,
65,Addis Ababa,,9,61,63,64,64,65,63,60,61,61,62,60,60,1,2,3,3,3,5,11,11,7,1,0,0,
68,Suva,,6,80,80,80,78,76,74,73,73,74,75,77,79,5,5,6,5,5,4,4,5,5,5,5,6,
69,Helsinki,,8,22,21,28,38,50,57,62,59,50,41,32,25,2,1,1,2,2,2,2,3,3,3,3,2,
70,Brest,,11,44,44,46,48,54,58,62,62,59,54,49,46,5,4,4,3,3,2,2,3,3,4,5,6,
70,Marseille,,13,44,46,50,55,62,70,75,74,69,60,51,46,2,2,2,2,2,1,1,1,3,4,3,2,
70,Metz,,12,34,35,43,49,56,62,65,65,59,50,42,35,2,2,2,2,2,2,2,2,2,2,2,2,
70,Paris,,13,39,40,45,50,57,62,67,67,61,53,44,41,7,5,6,6,5,5,4,4,5,6,6,6,
70,Toulon,,8,49,50,53,56,63,69,75,75,70,63,55,51,2,3,2,2,2,1,0,1,2,3,3,3,
70,Vichy,,10,37,38,45,50,56,63,67,66,62,52,44,38,2,2,2,2,2,3,2,3,3,2,2,2,
70,Dijon,,5,35,36,44,51,58,63,67,66,61,51,42,37,2,2,2,2,2,2,2,2,2,2,2,2,
70,Lille,,11,38,38,43,47,55,60,64,64,59,52,44,40,2,2,2,2,2,2,2,2,2,3,2,2,
266,Esperanza,,10,79,79,79,80,80,79,79,80,81,81,80,79,15,13,15,15,20,16,8,4,2,2,5,12,
72,Libreville,,10,81,82,82,81,81,78,76,77,78,79,79,80,11,8,12,12,10,5,4,7,11,19,15,11,
73,Tbilisi,,5,35,36,44,55,63,70,77,76,68,57,46,39,1,1,1,2,3,3,2,2,2,2,1,1,
74,Berlin,,12,31,33,40,46,55,62,65,64,58,49,40,34,2,2,2,2,2,2,2,2,2,2,2,2,
74,Bremen,,5,35,35,41,46,54,59,62,63,57,50,42,37,2,2,2,2,2,3,3,3,2,2,2,2,
74,Frankfurt,,11,34,36,43,48,57,62,66,66,59,50,41,37,5,4,3,5,5,6,9,6,5,5,4,6,
74,Hamburg,,8,34,34,40,45,54,59,63,63,57,49,41,36,2,2,2,2,2,3,3,3,3,2,3,3,
74,Leipzig,,9,31,29,40,47,55,62,65,64,58,50,39,36,2,2,2,2,2,3,4,2,2,2,2,2,
74,Munich,,8,30,32,40,45,54,59,64,63,57,48,38,33,2,2,2,3,4,5,5,4,3,2,2,2,
74,Stuttgart,,9,32,34,41,46,55,60,64,64,58,49,39,35,2,2,2,2,3,3,3,3,2,2,2,2,
74,Fulda,,7,31,33,40,46,54,60,63,62,57,49,40,34,6,4,5,5,5,5,4,5,5,5,5,6,
74,Grafenwohr,,6,28,30,37,44,53,59,62,61,55,46,37,30,5,4,4,4,5,5,4,4,4,4,5,5,
74,Weimar,,7,30,29,37,45,53,60,63,62,56,49,39,35,2,2,2,2,2,2,2,2,2,1,1,1,
74,Hannover,,7,33,34,39,46,54,60,62,62,57,48,40,35,2,2,2,2,2,2,2,2,2,2,2,2,
74,Dusseldorf,,13,35,38,43,49,57,62,64,65,60,52,44,39,2,2,2,2,2,3,3,3,3,2,3,3,
74,Cottbus,,7,31,29,38,47,56,62,66,64,58,50,39,35,2,1,1,2,1,2,3,2,1,2,1,2,
74,Dresden,,6,30,30,38,46,55,61,65,64,58,50,39,35,2,1,1,2,2,2,3,2,2,2,1,2,
74,Magdeburg,,6,31,30,38,46,55,60,64,63,57,50,39,35,2,1,1,1,2,2,2,2,2,2,2,2,
74,Lubeck,,8,34,34,39,44,53,59,63,63,57,50,42,37,8,6,7,6,6,6,7,6,6,7,7,8,
74,Ramstein,,10,32,32,39,46,53,59,62,60,55,48,39,33,2,2,2,2,2,3,2,3,2,2,2,3,
74,Koln,,6,36,37,43,47,55,61,64,64,59,51,43,39,8,6,7,7,6,7,6,6,6,6,7,8,
76,Athens,,12,50,50,54,59,67,75,81,81,75,67,59,53,2,2,2,1,1,0,0,0,0,2,2,2,
76,Alexandroupolis,,11,40,42,47,54,62,70,75,75,68,60,50,44,3,3,3,3,3,2,2,1,1,2,3,4,
76,Naxos,,7,54,54,56,61,66,73,76,76,73,67,61,56,4,4,3,3,1,0,0,0,0,2,3,4,
75,Accra,,6,82,84,84,84,82,80,78,77,79,80,82,82,3,6,11,18,27,39,10,4,9,13,7,4,
75,Achimota,,9,80,80,80,80,80,77,75,75,77,78,78,80,3,6,12,18,27,38,11,4,9,13,7,4,
75,Ada,,8,84,86,86,86,84,83,80,79,81,83,85,84,0,0,4,5,7,10,5,4,9,7,2,2,
75,Akuse,,7,84,86,86,85,84,82,80,80,80,82,84,82,0,0,2,4,5,5,7,5,10,5,0,0,
75,Axim,,10,81,82,83,82,81,79,78,77,78,79,80,81,2,2,4,2,5,13,10,10,12,10,7,4,
75,Bannayili,,13,80,84,86,84,82,78,77,77,77,80,82,80,1,2,10,17,24,29,28,39,44,18,3,1,
75,Bekwai,,8,81,84,84,83,82,80,78,78,79,80,81,80,2,2,5,7,10,13,15,18,18,12,4,2,
75,Bole,,9,82,84,85,84,81,79,78,77,78,79,78,78,0,0,2,5,4,7,9,9,12,5,0,2,
75,Kete-Krachi,,6,86,86,89,88,84,81,80,79,81,82,83,83,3,6,14,24,36,39,38,31,48,33,10,4,
75,Koforidua,,10,79,81,81,82,81,79,77,77,78,79,80,79,1,1,1,1,2,3,3,3,3,2,1,0,
75,Kumasi,,10,79,81,82,81,80,79,76,76,76,78,79,78,2,2,4,4,7,10,13,17,15,10,2,2,
75,Navrongo,,8,86,90,90,91,88,85,83,80,81,83,83,83,0,0,1,4,7,9,13,17,14,4,1,0,
75,Nkawkaw,,10,82,83,84,83,81,80,77,77,78,79,82,81,0,2,2,5,7,7,9,7,10,5,2,0,
75,Oda,,10,81,83,84,83,83,80,78,78,79,80,81,80,2,2,4,2,5,12,13,17,15,5,2,2,
75,Saltpond,,12,81,83,83,82,82,79,77,77,77,79,81,81,0,2,4,4,7,7,9,7,9,7,2,2,
75,Sunyani,,6,80,82,83,82,81,78,76,76,78,79,80,79,0,2,0,0,7,9,12,10,12,5,2,0,
75,Takoradi,,8,80,82,83,82,81,79,77,77,77,79,81,80,2,2,4,5,10,17,12,13,15,12,4,2,
75,Tamale,,8,84,88,90,88,86,82,80,80,80,84,85,83,0,0,0,2,7,4,9,12,10,5,0,0,
75,Tema,,12,82,84,84,84,82,80,78,77,79,81,83,83,0,0,4,4,7,12,13,10,12,9,5,0,
75,Wa,,6,83,86,88,87,84,81,79,78,79,81,83,81,0,0,2,4,4,5,9,12,9,4,0,0,
75,Wenchi,,6,80,83,82,81,80,79,77,77,77,78,79,79,0,2,4,4,5,5,7,7,9,5,2,2,
75,Yendi,,11,84,89,88,88,84,81,79,78,79,80,82,82,0,2,2,4,4,4,9,12,7,2,2,2,
98,Fukuoka,,8,42,44,49,58,66,72,80,82,75,65,55,47,5,5,7,9,10,13,13,12,12,7,5,4,
98,Tokyo,,11,41,42,47,57,66,71,77,81,74,64,55,46,4,4,7,9,9,12,9,10,12,12,7,4,
98,Kobe,,9,41,41,46,57,65,72,79,81,75,64,55,46,4,4,7,9,10,15,10,7,12,7,5,4,
98,Shizuoka,,9,43,44,49,58,65,71,78,80,75,65,56,47,5,7,13,17,15,18,15,13,15,10,9,5,
98,Osaka,,8,42,42,48,58,67,73,81,83,76,65,55,46,4,4,7,9,10,13,10,7,12,7,5,2,
98,Hiroshima,,9,39,40,46,56,64,71,78,80,73,63,53,44,4,4,7,12,10,17,17,9,12,7,5,4,
98,Nagano,,9,30,31,37,51,60,67,74,77,68,56,45,35,4,4,4,4,5,9,10,7,9,5,4,4,
98,Nagasaki,,6,44,45,50,59,66,72,80,82,76,66,57,48,5,5,9,12,13,22,18,12,13,7,5,5,
98,Niigata,,9,36,36,41,52,61,68,76,79,71,60,50,41,13,9,7,7,7,9,12,9,10,10,13,15,
98,Nagoya,,9,39,40,46,57,65,72,78,81,74,63,53,43,4,5,7,10,10,15,13,10,13,9,5,4,
98,Yokohama,,9,41,42,47,57,65,70,76,80,73,63,54,46,4,5,9,10,10,15,9,10,13,12,7,4,
98,Sapporo,,9,24,24,31,40,49,56,64,68,62,51,40,30,2,2,4,7,7,9,10,13,12,9,5,4,
98,Kyoto,,9,39,40,46,57,66,72,80,82,74,63,53,44,4,5,7,10,10,17,15,10,13,7,5,4,
98,Chiba,,11,41,41,46,56,64,70,76,79,73,63,54,46,4,5,7,7,7,10,7,9,12,10,5,4,
98,Kawasaki,,9,41,42,47,57,65,70,76,80,73,63,54,46,4,5,9,10,10,15,9,10,13,12,7,4,
98,Sendai,,9,34,34,40,50,59,65,72,75,68,58,48,39,4,4,5,7,7,9,10,12,12,7,5,2,
98,Kitakyushu,,10,42,43,48,57,64,70,78,81,74,65,56,47,5,5,7,10,10,17,15,9,12,7,5,4,
177,Andong,,14,28,32,42,54,63,71,76,77,69,57,44,33,11,12,12,11,11,13,16,13,11,6,8,11,
177,Inch'on,,9,28,31,41,52,61,69,76,77,70,59,45,33,1,1,1,2,3,4,9,7,4,1,1,1,
177,Kanghwa,,9,24,30,39,50,59,68,73,75,66,53,41,30,1,1,1,3,3,5,11,10,5,1,2,1,
177,Kwangju,,13,33,36,44,55,65,73,79,80,71,60,48,37,13,11,10,9,9,10,14,12,8,6,9,12,
177,P'ohang,,10,35,37,45,56,64,70,77,78,70,61,50,39,13,13,13,13,10,11,13,13,13,11,13,12,
177,Pusan,,7,38,40,48,57,64,70,76,79,73,64,53,43,1,1,3,5,5,7,8,7,6,2,2,1,
177,Seoul,,7,28,32,42,54,64,72,77,78,70,59,45,33,8,8,8,8,8,11,15,13,8,8,9,9,
177,Taegu,,10,32,35,44,56,65,73,79,80,71,59,47,36,8,8,8,9,9,10,13,13,9,7,8,7,
177,Taejon,,7,29,33,43,55,64,72,78,78,69,58,45,34,11,10,10,10,10,11,16,13,9,8,10,11,
43,Hsinchu,,14,59,60,63,70,77,81,83,83,80,75,69,63,4,5,6,7,6,6,4,5,4,2,3,3,
43,Hualien,,7,64,65,68,73,77,81,83,83,81,77,71,67,6,14,16,14,16,13,8,11,11,13,12,12,
43,Makung,,5,62,62,66,72,78,81,83,82,82,77,71,65,2,3,2,5,5,7,4,6,2,1,1,1,
43,Taipei,,7,61,61,65,71,77,82,85,85,81,76,69,63,15,14,17,15,16,14,11,13,13,13,16,14,
61,Birmingham,,8,39,39,43,46,52,57,61,61,56,50,44,41,2,2,2,2,2,2,2,2,2,2,2,2,
61,Liverpool,,6,41,40,44,47,53,58,62,61,57,51,45,42,21,18,22,19,18,18,19,19,20,20,19,21,
61,London,,13,39,39,43,46,52,58,62,62,57,51,44,42,7,6,5,5,5,5,5,6,5,7,7,8,
178,Barcelona,,8,48,49,52,55,61,68,73,74,70,62,54,50,7,7,8,8,8,8,5,6,7,8,8,7,
178,Madrid,,11,42,45,49,53,60,69,76,76,69,58,49,44,2,1,1,2,1,1,0,0,1,2,2,2,
260,Kunislinnô,,9,30,30,36,45,55,61,64,63,57,48,39,33,3,2,2,2,3,3,3,3,3,3,4,3,
261,Göteborg,,10,32,32,37,44,54,60,63,62,55,47,40,35,3,2,3,2,2,3,3,4,4,4,4,3,
262,Fôntāna,,10,61,63,66,68,70,73,75,77,77,74,68,63,0,0,0,0,0,0,0,0,0,1,1,1,
263,Atar,,8,71,75,80,84,90,95,96,95,93,88,79,72,0,0,0,0,0,0,1,1,1,0,0,0,
264,Ndar,,9,71,72,73,74,77,81,83,82,83,82,79,74,0,0,0,0,0,1,2,5,5,2,0,0,
265,Portô Venla,,8,77,77,74,68,61,56,55,58,62,67,72,76,4,4,4,4,4,5,5,5,5,5,4,4,
267,Caffa,,10,36,37,42,50,61,70,76,76,67,57,47,40,2,1,1,1,2,2,1,1,1,2,2,2,
268,Gannibal,,9,18,21,30,40,49,57,63,66,59,47,34,22,2,2,2,2,3,3,3,4,4,4,3,3,
269,Tashkent,,6,37,41,51,62,72,81,86,84,74,61,49,40,2,2,2,2,1,0,0,0,0,1,2,2,
270,Kazan,,8,12,16,27,42,58,66,70,66,55,40,26,16,1,1,1,1,2,2,2,2,2,2,2,1,
